497,0,402,497
389,0,23,389
510,0,965,510
253,1,279,253
346,1,24,346
494,1,461,494
5,1,876,5
66,0,627,66
15,1,960,15
232,1,258,232
26,1,971,26
268,1,294,268
219,2,125,219
316,1,742,316
106,0,226,106
397,0,31,397
495,1,462,495
111,0,231,111
148,0,445,148
203,0,2,203
556,2,935,556
457,1,424,457
150,0,556,150
257,1,283,257
144,0,264,144
293,1,719,293
279,0,384,279
436,0,70,436
502,1,469,502
179,1,608,179
608,2,335,608
205,2,111,205
292,1,718,292
423,1,399,423
35,1,907,35
241,2,310,241
18,1,963,18
398,2,675,398
372,0,6,372
575,2,954,575
496,1,463,496
55,0,616,55
267,1,693,267
607,2,334,607
136,0,256,136
406,0,40,406
59,0,620,59
33,1,978,33
514,1,481,514
581,2,261,581
272,1,698,272
84,2,662,84
43,1,988,43
157,1,586,157
546,0,299,546
89,0,209,89
589,0,469,589
505,1,472,505
243,2,838,243
188,2,242,188
367,0,1,367
415,0,49,415
488,1,655,488
72,0,192,72
343,1,21,343
407,1,388,407
580,2,959,580
533,2,912,533
435,0,69,435
222,1,48,222
303,1,729,303
277,1,703,277
606,2,333,606
40,1,985,40
530,2,883,530
79,0,199,79
93,0,213,93
524,0,345,524
542,2,408,542
221,1,47,221
507,1,474,507
87,0,207,87
591,1,837,591
200,2,132,200
344,0,67,344
105,0,225,105
566,2,945,566
470,1,442,470
73,0,193,73
23,1,968,23
543,2,922,543
347,1,934,347
315,1,741,315
58,0,619,58
83,0,203,83
230,1,796,230
101,2,180,101
499,1,466,499
138,0,258,138
329,1,7,329
403,0,37,403
151,1,580,151
577,0,139,577
337,1,15,337
158,2,798,158
421,1,397,421
350,1,28,350
274,1,700,274
53,0,614,53
76,0,926,76
160,1,589,160
368,1,137,368
234,2,772,234
463,1,430,463
429,1,405,429
340,1,18,340
345,1,23,345
239,2,953,239
50,0,611,50
47,0,608,47
237,1,263,237
412,0,46,412
371,0,5,371
374,0,8,374
27,1,972,27
54,0,615,54
411,1,351,411
284,1,710,284
563,0,778,563
333,1,11,333
424,1,530,424
393,1,369,393
319,1,745,319
96,0,216,96
561,2,961,561
405,0,39,405
212,2,118,212
135,2,525,135
256,1,282,256
31,1,976,31
490,2,691,490
298,1,746,298
190,2,122,190
182,1,611,182
57,0,618,57
573,2,253,573
80,0,641,80
512,2,588,512
354,0,218,354
596,1,417,596
487,2,728,487
128,0,248,128
110,0,230,110
513,1,480,513
528,2,934,528
386,2,776,386
62,0,623,62
498,1,465,498
209,2,141,209
248,1,274,248
430,0,64,430
598,2,304,598
254,1,280,254
382,0,16,382
321,1,747,321
255,1,758,255
585,2,265,585
169,1,598,169
163,1,592,163
338,1,16,338
11,1,956,11
213,2,145,213
175,1,604,175
567,2,946,567
579,2,259,579
466,1,433,466
432,1,408,432
97,0,217,97
317,0,308,317
302,1,728,302
503,1,470,503
468,2,919,468
24,1,126,24
574,2,953,574
271,1,697,271
504,1,471,504
184,2,116,184
201,2,107,201
131,0,251,131
130,0,250,130
81,0,201,81
42,0,603,42
187,2,433,187
492,1,459,492
480,1,447,480
410,0,689,410
438,1,239,438
278,1,704,278
401,0,296,401
360,1,38,360
485,1,452,485
471,1,438,471
473,1,440,473
335,1,13,335
177,1,606,177
391,0,25,391
113,0,233,113
358,1,36,358
420,0,54,420
199,2,131,199
355,1,33,355
568,2,947,568
149,0,587,149
286,1,717,286
36,2,227,36
422,0,56,422
259,1,285,259
194,2,126,194
357,1,35,357
214,2,146,214
140,0,260,140
236,1,262,236
456,1,423,456
439,0,73,439
453,1,420,453
141,2,722,141
611,2,291,611
299,1,725,299
323,1,1,323
45,1,990,45
245,1,271,245
208,2,114,208
32,1,977,32
560,1,767,560
244,1,270,244
600,2,280,600
250,1,276,250
486,0,175,486
251,1,277,251
64,0,343,64
156,1,223,156
414,1,390,414
586,1,656,586
60,1,765,60
595,2,275,595
461,1,101,461
240,1,266,240
134,0,254,134
525,1,388,525
553,2,906,553
285,1,711,285
538,2,891,538
103,0,223,103
376,2,451,376
217,0,669,217
565,2,26,565
304,1,730,304
531,2,884,531
506,0,459,506
266,0,965,266
152,2,304,152
365,1,43,365
594,2,300,594
325,1,140,325
162,1,591,162
520,1,487,520
228,0,175,228
86,2,138,86
153,0,855,153
547,2,900,547
361,1,39,361
52,0,613,52
88,0,208,88
82,2,46,82
539,2,939,539
491,1,458,491
114,0,234,114
70,0,349,70
363,0,845,363
310,1,533,310
308,1,734,308
482,1,449,482
270,2,514,270
71,0,191,71
301,1,727,301
348,1,26,348
475,1,442,475
381,1,885,381
540,0,399,540
352,1,30,352
295,1,721,295
202,2,134,202
493,0,449,493
578,2,957,578
125,0,245,125
122,0,242,122
17,1,962,17
312,1,738,312
455,2,77,455
334,1,12,334
477,1,444,477
30,1,199,30
428,1,404,428
599,2,279,599
247,1,273,247
109,1,357,109
19,1,964,19
465,1,432,465
516,1,483,516
280,1,706,280
223,2,155,223
16,0,386,16
137,0,257,137
605,2,285,605
123,0,243,123
206,2,112,206
67,0,346,67
431,1,407,431
197,2,129,197
226,2,132,226
41,1,986,41
557,2,957,557
419,0,53,419
588,2,584,588
115,0,235,115
434,1,410,434
235,1,261,235
168,1,597,168
195,2,127,195
227,2,133,227
394,1,329,394
159,1,588,159
562,2,962,562
198,2,151,198
341,1,19,341
242,2,763,242
211,2,117,211
508,1,475,508
554,2,933,554
601,2,281,601
92,0,212,92
37,1,982,37
483,1,450,483
181,1,610,181
297,1,802,297
233,1,259,233
90,0,210,90
447,1,423,447
330,1,8,330
231,1,257,231
362,1,40,362
400,2,466,400
85,0,205,85
369,0,3,369
65,0,344,65
409,2,728,409
479,1,446,479
146,0,723,146
402,2,836,402
282,1,708,282
261,1,287,261
322,1,0,322
437,0,71,437
518,1,485,518
305,1,731,305
408,1,343,408
336,1,14,336
178,1,607,178
176,1,605,176
527,1,494,527
484,0,825,484
164,0,696,164
469,1,436,469
307,1,733,307
441,0,75,441
294,1,720,294
366,0,0,366
392,0,26,392
246,1,796,246
388,0,22,388
460,2,883,460
571,2,950,571
183,2,115,183
378,0,12,378
142,0,262,142
583,1,111,583
196,2,149,196
526,1,493,526
207,2,160,207
433,1,409,433
276,1,702,276
112,0,232,112
215,0,607,215
173,1,602,173
425,0,59,425
9,1,954,9
98,0,218,98
6,0,852,6
1,1,946,1
458,0,8,458
165,1,594,165
224,2,156,224
126,0,246,126
587,2,267,587
139,0,259,139
290,1,716,290
454,1,421,454
133,0,577,133
517,2,378,517
95,0,215,95
537,2,916,537
413,0,47,413
569,2,98,569
356,2,386,356
180,1,609,180
204,2,136,204
555,0,787,555
291,1,717,291
313,1,739,313
104,0,224,104
370,0,4,370
444,1,420,444
210,2,111,210
609,2,315,609
592,2,272,592
550,2,903,550
416,0,50,416
260,1,286,260
320,1,746,320
275,1,677,275
118,0,733,118
121,0,241,121
390,0,24,390
445,0,79,445
119,0,239,119
263,1,289,263
21,1,966,21
481,1,835,481
404,0,38,404
448,0,82,448
417,1,393,417
359,1,37,359
318,1,744,318
418,0,52,418
339,1,17,339
353,1,31,353
593,2,593,593
25,1,970,25
51,0,612,51
576,2,955,576
216,2,122,216
193,0,5,193
324,1,2,324
3,1,948,3
467,1,434,467
545,2,898,545
46,0,607,46
287,1,60,287
612,2,292,612
519,1,486,519
399,1,351,399
603,2,309,603
288,1,714,288
501,1,468,501
584,2,264,584
572,2,105,572
427,0,61,427
189,1,356,189
442,0,76,442
472,1,439,472
63,0,624,63
426,0,60,426
12,1,957,12
170,1,599,170
521,1,488,521
534,2,913,534
544,2,944,544
385,0,19,385
166,1,595,166
49,0,610,49
38,2,393,38
529,2,908,529
61,2,65,61
75,0,925,75
570,2,949,570
446,0,80,446
116,0,236,116
549,2,902,549
349,0,150,349
478,1,445,478
602,2,308,602
375,0,9,375
351,1,29,351
443,2,254,443
186,0,824,186
500,1,467,500
451,0,85,451
264,1,290,264
155,1,584,155
522,1,492,522
185,0,890,185
450,0,84,450
8,2,516,8
476,1,443,476
459,1,426,459
102,0,222,102
94,0,214,94
387,0,21,387
117,0,237,117
604,2,284,604
167,1,596,167
161,1,590,161
558,2,937,558
229,1,255,229
39,1,984,39
124,2,722,124
154,1,956,154
29,1,974,29
171,1,414,171
238,1,264,238
107,0,227,107
56,0,617,56
551,2,904,551
192,2,124,192
265,1,691,265
373,0,7,373
48,0,148,48
489,1,456,489
172,2,375,172
143,0,263,143
383,0,17,383
449,0,83,449
536,2,936,536
440,0,74,440
269,1,295,269
364,1,42,364
306,0,110,306
462,1,719,462
145,0,265,145
120,0,240,120
225,2,131,225
2,1,947,2
252,1,278,252
582,2,262,582
332,1,736,332
132,0,252,132
464,1,431,464
10,0,775,10
511,1,478,511
331,1,9,331
559,2,322,559
28,1,973,28
191,2,97,191
69,0,348,69
262,0,137,262
541,2,920,541
327,1,5,327
564,2,943,564
509,1,476,509
220,2,126,220
474,1,441,474
147,0,267,147
296,1,431,296
78,0,198,78
342,1,20,342
548,2,927,548
590,2,270,590
281,1,707,281
452,1,419,452
552,2,952,552
377,0,11,377
523,1,495,523
535,2,888,535
311,1,674,311
532,2,885,532
99,0,219,99
129,2,742,129
7,1,580,7
34,1,979,34
597,1,203,597
91,0,4,91
174,1,603,174
328,1,6,328
22,1,849,22
314,1,378,314
100,0,220,100
74,0,194,74
610,2,337,610
127,0,661,127
68,0,629,68
20,0,179,20
258,1,284,258
218,2,171,218
249,1,275,249
14,1,959,14
380,0,14,380
283,1,709,283
108,0,228,108
396,2,113,396
13,1,958,13
384,0,18,384
300,1,726,300
326,1,4,326
379,2,469,379
515,1,482,515
77,0,197,77
289,1,715,289
44,1,989,44
309,1,735,309
395,0,29,395
4,1,949,4
273,2,199,273
